Date,New Cases,7-Day Moving Avg,Total Cases,Rate per 100000
Jul 29 2020,1,6,1406,225
Jul 28 2020,3,6,1405,224
Jul 27 2020,2,6,1402,224
Jul 26 2020,4,7,1400,224
Jul 25 2020,11,8,1396,223
Jul 24 2020,8,7,1385,221
Jul 23 2020,11,7,1377,220
Jul 22 2020,0,7,1366,218
Jul 21 2020,6,9,1366,218
Jul 20 2020,10,8,1360,217
Jul 19 2020,12,8,1350,216
Jul 18 2020,4,8,1338,214
Jul 17 2020,9,7,1334,213
Jul 16 2020,7,8,1325,212
Jul 15 2020,13,9,1318,210
Jul 14 2020,4,7,1305,208
Jul 13 2020,5,7,1301,208
Jul 12 2020,13,6,1296,207
Jul 11 2020,0,6,1283,205
Jul 10 2020,11,6,1283,205
Jul 9 2020,16,6,1272,203
Jul 8 2020,2,7,1256,201
Jul 7 2020,3,7,1254,200
Jul 6 2020,0,6,1251,200
Jul 5 2020,13,7,1251,200
Jul 4 2020,0,5,1238,198
Jul 3 2020,11,6,1238,198
Jul 2 2020,17,5,1227,196
Jul 1 2020,2,4,1210,193
Jun 30 2020,0,6,1208,193
Jun 29 2020,6,6,1208,193
Jun 28 2020,2,6,1202,192
Jun 27 2020,2,8,1200,192
Jun 26 2020,7,8,1198,191
Jun 25 2020,7,8,1191,190
Jun 24 2020,20,8,1184,189
Jun 23 2020,1,5,1164,186
Jun 22 2020,4,5,1163,186
Jun 21 2020,12,5,1159,185
Jun 20 2020,3,3,1147,183
Jun 19 2020,9,4,1144,183
Jun 18 2020,6,4,1135,181
Jun 17 2020,0,5,1129,180
Jun 16 2020,2,7,1130,180
Jun 15 2020,1,8,1128,180
Jun 14 2020,2,9,1127,180
Jun 13 2020,6,11,1125,180
Jun 12 2020,10,13,1119,179
Jun 11 2020,15,12,1109,177
Jun 10 2020,10,15,1094,175
Jun 9 2020,9,14,1084,173
Jun 8 2020,12,13,1075,172
Jun 7 2020,18,12,1063,170
Jun 6 2020,18,10,1045,167
Jun 5 2020,2,7,1027,164
Jun 4 2020,35,7,1025,164
Jun 3 2020,2,3,990,158
Jun 2 2020,5,3,988,158
Jun 1 2020,2,3,983,157
May 31 2020,4,4,981,157
May 30 2020,2,3,977,156
May 29 2020,1,3,975,156
May 28 2020,3,3,974,156
May 27 2020,4,4,971,155
May 26 2020,5,3,967,154
May 25 2020,6,3,962,154
May 24 2020,2,2,956,153
May 23 2020,2,3,954,152
May 22 2020,2,3,952,152
May 21 2020,5,3,950,152
May 20 2020,1,2,945,151
May 19 2020,4,3,944,151
May 18 2020,0,2,940,150
May 17 2020,8,2,940,150
May 16 2020,0,2,932,149
May 15 2020,0,2,933,149
May 14 2020,4,3,933,149
May 13 2020,2,3,929,148
May 12 2020,1,3,927,148
May 11 2020,0,4,926,148
May 10 2020,6,4,927,148
May 9 2020,3,5,921,147
May 8 2020,2,6,918,147
May 7 2020,8,7,916,146
May 6 2020,2,7,908,145
May 5 2020,4,6,906,145
May 4 2020,5,7,902,144
May 3 2020,11,7,897,143
May 2 2020,7,6,886,142
May 1 2020,13,7,879,140
Apr 30 2020,4,6,866,138
Apr 29 2020,0,6,862,138
Apr 28 2020,7,6,862,138
Apr 27 2020,4,6,855,137
Apr 26 2020,8,6,851,136
Apr 25 2020,16,6,843,135
Apr 24 2020,2,7,827,132
Apr 23 2020,2,8,825,132
Apr 22 2020,5,9,823,131
Apr 21 2020,2,10,818,131
Apr 20 2020,4,10,816,130
Apr 19 2020,9,12,812,130
Apr 18 2020,24,13,803,128
Apr 17 2020,11,14,779,124
Apr 16 2020,9,20,768,123
Apr 15 2020,9,22,759,121
Apr 14 2020,2,25,750,120
Apr 13 2020,21,29,748,119
Apr 12 2020,16,31,727,116
Apr 11 2020,32,36,711,114
Apr 10 2020,51,41,679,108
Apr 9 2020,23,41,628,100
Apr 8 2020,30,41,605,97
Apr 7 2020,32,40,575,92
Apr 6 2020,31,41,543,87
Apr 5 2020,51,40,512,82
Apr 4 2020,72,36,461,74
Apr 3 2020,51,29,389,62
Apr 2 2020,17,26,338,54
Apr 1 2020,28,28,321,51
Mar 31 2020,37,28,293,47
Mar 30 2020,21,26,256,41
Mar 29 2020,24,26,235,38
Mar 28 2020,27,23,211,34
Mar 27 2020,28,22,184,29
Mar 26 2020,33,20,156,25
Mar 25 2020,28,16,123,20
Mar 24 2020,20,12,95,15
Mar 23 2020,23,10,75,12
Mar 22 2020,3,7,52,8
Mar 21 2020,20,7,49,8
Mar 20 2020,13,4,29,5
Mar 19 2020,4,2,16,3
Mar 18 2020,2,2,12,2
Mar 17 2020,2,1,10,2
Mar 16 2020,4,1,8,1
Mar 15 2020,1,0,4,1
Mar 14 2020,1,0,3,1
Mar 13 2020,0,0,2,0
Mar 12 2020,1,0,2,0
Mar 11 2020,0,0,1,0
Mar 10 2020,0,0,1,0
Mar 9 2020,0,0,1,0
Mar 8 2020,1,0,1,0
Mar 7 2020,0,0,0,0
Mar 6 2020,0,0,0,0
Mar 5 2020,0,0,0,0
Mar 4 2020,0,0,0,0
Mar 3 2020,0,0,0,0
Mar 2 2020,0,0,0,0
Mar 1 2020,0,0,0,0
Feb 29 2020,0,0,0,0
Feb 28 2020,0,0,0,0
Feb 27 2020,0,0,0,0
Feb 26 2020,0,0,0,0
Feb 25 2020,0,0,0,0
Feb 24 2020,0,0,0,0
Feb 23 2020,0,0,0,0
Feb 22 2020,0,0,0,0
Feb 21 2020,0,0,0,0
Feb 20 2020,0,0,0,0
Feb 19 2020,0,0,0,0
Feb 18 2020,0,0,0,0
Feb 17 2020,0,0,0,0
Feb 16 2020,0,0,0,0
Feb 15 2020,0,0,0,0
Feb 14 2020,0,0,0,0
Feb 13 2020,0,0,0,0
Feb 12 2020,0,0,0,0
Feb 11 2020,0,0,0,0
Feb 10 2020,0,0,0,0
Feb 9 2020,0,0,0,0
Feb 8 2020,0,0,0,0
Feb 7 2020,0,0,0,0
Feb 6 2020,0,0,0,0
Feb 5 2020,0,0,0,0
Feb 4 2020,0,0,0,0
Feb 3 2020,0,0,0,0
Feb 2 2020,0,0,0,0
Feb 1 2020,0,0,0,0
Jan 31 2020,0,0,0,0
Jan 30 2020,0,0,0,0
Jan 29 2020,0,0,0,0
Jan 28 2020,0,0,0,0
Jan 27 2020,0,0,0,0
Jan 26 2020,0,0,0,0
Jan 25 2020,0,0,0,0
Jan 24 2020,0,0,0,0
Jan 23 2020,0,0,0,0
Jan 22 2020,0,0,0,0